.................
.................
.................
.................
.................
.................
.................
.................
..O..............
..O..............
.................
.................
..............X..
.................
.................
**
Heatmap:
  8  7  6  7  8  9 10 11 12 13 14 15 16 17 18 19 20
  9  8  7  8  9 10 11 12 13 14 15 16 17 18 19 20 21
  8  7  6  7  8  9 10 11 12 13 14 15 16 17 18 19 20
  7  6  5  6  7  8  9 10 11 12 13 14 15 16 17 18 19
  6  5  4  5  6  7  8  9 10 11 12 13 14 15 16 17 18
  5  4  3  4  5  6  7  8  9 10 11 12 13 14 15 16 17
  4  3  2  3  4  5  6  7  8  9 10 11 12 13 14 15 16
  3  2  1  2  3  4  5  6  7  8  9 10 11 12 13 14 15
  2  1  0  1  2  3  4  5  6  7  8  9 10 11 12 13 14
  2  1  0  1  2  3  4  5  6  7  8  9 10 11 12 13 14
  3  2  1  2  3  4  5  6  7  8  9 10 11 12 13 14 15
  4  3  2  3  4  5  6  7  8  9 10 11 12 13 14 15 16
  5  4  3  4  5  6  7  8  9 10 11 12 13 14 -2 16 17
  6  5  4  5  6  7  8  9 10 11 12 13 14 15 16 17 18
  7  6  5  6  7  8  9 10 11 12 13 14 15 16 17 18 19
.................
.................
.................
.................
.................
.................
.................
.................
..O..............
.OO..............
.................
.................
.............XX..
.................
.................
**
Heatmap:
  7  6  6  7  8  9 10 11 12 13 14 15 16 17 18 19 20
  8  7  7  8  9 10 11 12 13 14 15 16 17 18 19 20 21
  8  7  6  7  8  9 10 11 12 13 14 15 16 17 18 19 20
  7  6  5  6  7  8  9 10 11 12 13 14 15 16 17 18 19
  6  5  4  5  6  7  8  9 10 11 12 13 14 15 16 17 18
  5  4  3  4  5  6  7  8  9 10 11 12 13 14 15 16 17
  4  3  2  3  4  5  6  7  8  9 10 11 12 13 14 15 16
  3  2  1  2  3  4  5  6  7  8  9 10 11 12 13 14 15
  2  1  0  1  2  3  4  5  6  7  8  9 10 11 12 13 14
  1  0  0  1  2  3  4  5  6  7  8  9 10 11 12 13 14
  2  1  1  2  3  4  5  6  7  8  9 10 11 12 13 14 15
  3  2  2  3  4  5  6  7  8  9 10 11 12 13 14 15 16
  4  3  3  4  5  6  7  8  9 10 11 12 13 -2 -2 16 17
  5  4  4  5  6  7  8  9 10 11 12 13 14 15 16 17 18
  6  5  5  6  7  8  9 10 11 12 13 14 15 16 17 18 19
.................
.................
.................
.................
.................
.................
.................
.................
..O..............
OOO..............
.................
.................
............XXX..
.................
.................
.*
.*
Heatmap:
  6  6  6  7  8  9 10 11 12 13 14 15 16 17 18 19 20
  7  7  7  8  9 10 11 12 13 14 15 16 17 18 19 20 21
  7  7  6  7  8  9 10 11 12 13 14 15 16 17 18 19 20
  6  6  5  6  7  8  9 10 11 12 13 14 15 16 17 18 19
  5  5  4  5  6  7  8  9 10 11 12 13 14 15 16 17 18
  4  4  3  4  5  6  7  8  9 10 11 12 13 14 15 16 17
  3  3  2  3  4  5  6  7  8  9 10 11 12 13 14 15 16
  2  2  1  2  3  4  5  6  7  8  9 10 11 12 13 14 15
  1  1  0  1  2  3  4  5  6  7  8  9 10 11 12 13 14
  0  0  0  1  2  3  4  5  6  7  8  9 10 11 12 13 14
  1  1  1  2  3  4  5  6  7  8  9 10 11 12 13 14 15
  2  2  2  3  4  5  6  7  8  9 10 11 12 13 14 15 16
  3  3  3  4  5  6  7  8  9 10 11 12 -2 -2 -2 16 17
  4  4  4  5  6  7  8  9 10 11 12 13 14 15 16 17 18
  5  5  5  6  7  8  9 10 11 12 13 14 15 16 17 18 19
.................
.................
.................
.................
.................
.................
.................
.................
..O..............
OOO.............O
O...............O
............X....
............XXX..
.................
.................
**
Heatmap:
  5  6  6  7  8  9 10 11 12 12 11 10  9  8  7  6  5
  6  7  7  8  9 10 11 12 13 13 12 11 10  9  8  7  6
  7  7  6  7  8  9 10 11 12 13 13 12 11 10  9  8  7
  6  6  5  6  7  8  9 10 11 12 12 11 10  9  8  7  6
  5  5  4  5  6  7  8  9 10 11 11 10  9  8  7  6  5
  4  4  3  4  5  6  7  8  9 10 10  9  8  7  6  5  4
  3  3  2  3  4  5  6  7  8  9  9  8  7  6  5  4  3
  2  2  1  2  3  4  5  6  7  8  8  7  6  5  4  3  2
  1  1  0  1  2  3  4  5  6  7  7  6  5  4  3  2  1
  0  0  0  1  2  3  4  5  6  7  6  5  4  3  2  1  0
  0  1  1  2  3  4  5  6  7  7  6  5  4  3  2  1  0
  1  2  2  3  4  5  6  7  8  8  7  6 -2  4  3  2  1
  2  3  3  4  5  6  7  8  9  9  8  7 -2 -2 -2  3  2
  3  4  4  5  6  7  8  9 10 10  9  8  7  6  5  4  3
  4  5  5  6  7  8  9 10 11 11 10  9  8  7  6  5  4
.................
.................
.................
.................
.................
.................
.................
.................
..O..............
OOO.............O
O.............OOO
............X....
............XXXX.
.................
.................
.**
..*
Heatmap:
  5  6  6  7  8  9 10 11 11 10  9  8  9  8  7  6  5
  6  7  7  8  9 10 11 12 12 11 10  9 10  9  8  7  6
  7  7  6  7  8  9 10 11 12 12 11 10 10  9  8  8  7
  6  6  5  6  7  8  9 10 11 12 11 10  9  8  7  7  6
  5  5  4  5  6  7  8  9 10 11 10  9  8  7  6  6  5
  4  4  3  4  5  6  7  8  9 10  9  8  7  6  5  5  4
  3  3  2  3  4  5  6  7  8  9  8  7  6  5  4  4  3
  2  2  1  2  3  4  5  6  7  8  7  6  5  4  3  3  2
  1  1  0  1  2  3  4  5  6  7  6  5  4  3  2  2  1
  0  0  0  1  2  3  4  5  6  6  5  4  3  2  1  1  0
  0  1  1  2  3  4  5  6  6  5  4  3  2  1  0  0  0
  1  2  2  3  4  5  6  7  7  6  5  4 -2  2  1  1  1
  2  3  3  4  5  6  7  8  8  7  6  5 -2 -2 -2 -2  2
  3  4  4  5  6  7  8  9  9  8  7  6  7  6  5  4  3
  4  5  5  6  7  8  9 10 10  9  8  7  8  7  6  5  4
.................
.................
.................
.................
.................
.................
.................
.................
..O..............
OOO.............O
O...........OOOOO
............X.XX.
............XXXX.
.................
.................
***
Heatmap:
  5  6  6  7  8  9 10 10  9  8  7  6  7  8  7  6  5
  6  7  7  8  9 10 11 11 10  9  8  7  8  9  8  7  6
  7  7  6  7  8  9 10 11 11 10  9  8  8  8  8  8  7
  6  6  5  6  7  8  9 10 11 10  9  8  7  7  7  7  6
  5  5  4  5  6  7  8  9 10  9  8  7  6  6  6  6  5
  4  4  3  4  5  6  7  8  9  8  7  6  5  5  5  5  4
  3  3  2  3  4  5  6  7  8  7  6  5  4  4  4  4  3
  2  2  1  2  3  4  5  6  7  6  5  4  3  3  3  3  2
  1  1  0  1  2  3  4  5  6  5  4  3  2  2  2  2  1
  0  0  0  1  2  3  4  5  5  4  3  2  1  1  1  1  0
  0  1  1  2  3  4  5  5  4  3  2  1  0  0  0  0  0
  1  2  2  3  4  5  6  6  5  4  3  2 -2  1 -2 -2  1
  2  3  3  4  5  6  7  7  6  5  4  3 -2 -2 -2 -2  2
  3  4  4  5  6  7  8  8  7  6  5  4  5  6  5  4  3
  4  5  5  6  7  8  9  9  8  7  6  5  6  7  6  5  4
.................
.................
.................
.................
.................
.................
.................
.................
..O..............
OOO.............O
O...........OOOOO
O...........X.XXX
............XXXX.
.................
.................
**.
.**
Heatmap:
  4  5  6  7  8  9 10 10  9  8  7  6  7  8  9 10  9
  5  6  7  8  9 10 11 11 10  9  8  7  8  9  9  9  8
  6  7  6  7  8  9 10 11 11 10  9  8  8  8  8  8  7
  6  6  5  6  7  8  9 10 11 10  9  8  7  7  7  7  6
  5  5  4  5  6  7  8  9 10  9  8  7  6  6  6  6  5
  4  4  3  4  5  6  7  8  9  8  7  6  5  5  5  5  4
  3  3  2  3  4  5  6  7  8  7  6  5  4  4  4  4  3
  2  2  1  2  3  4  5  6  7  6  5  4  3  3  3  3  2
  1  1  0  1  2  3  4  5  6  5  4  3  2  2  2  2  1
  0  0  0  1  2  3  4  5  5  4  3  2  1  1  1  1  0
  0  1  1  2  3  4  5  5  4  3  2  1  0  0  0  0  0
  0  1  2  3  4  5  6  6  5  4  3  2 -2  1 -2 -2 -2
  1  2  3  4  5  6  7  7  6  5  4  3 -2 -2 -2 -2 10
  2  3  4  5  6  7  8  8  7  6  5  4  5  6  7  8  9
  3  4  5  6  7  8  9  9  8  7  6  5  6  7  8  9 10
.................
.................
.................
.................
.................
.................
.................
.................
..O..............
OOO.............O
O.........XXOOOOO
O..........XX.XXX
O...........XXXXO
.................
.................
**.
***
Heatmap:
  3  4  5  6  7  8  9 10 11 10  9  8  7  6  5  4  3
  4  5  6  7  8  9 10 11 12 11 10  9  8  7  6  5  4
  5  6  6  7  8  9 10 11 12 11 10  9  8  8  7  6  5
  6  6  5  6  7  8  9 10 11 10  9  8  7  7  7  7  6
  5  5  4  5  6  7  8  9 10  9  8  7  6  6  6  6  5
  4  4  3  4  5  6  7  8  9  8  7  6  5  5  5  5  4
  3  3  2  3  4  5  6  7  8  7  6  5  4  4  4  4  3
  2  2  1  2  3  4  5  6  7  6  5  4  3  3  3  3  2
  1  1  0  1  2  3  4  5  6  5  4  3  2  2  2  2  1
  0  0  0  1  2  3  4  5  5  4  3  2  1  1  1  1  0
  0  1  1  2  3  4  5  6  6  5 -2 -2  0  0  0  0  0
  0  1  2  3  4  5  6  7  7  6  7 -2 -2  1 -2 -2 -2
  0  1  2  3  4  5  6  7  8  7  8  7 -2 -2 -2 -2  0
  1  2  3  4  5  6  7  8  9  8  7  6  5  4  3  2  1
  2  3  4  5  6  7  8  9 10  9  8  7  6  5  4  3  2
.................
.................
.................
.................
.................
.................
.................
.................
..O..............
OOO.........O...O
O.........XXOOOOO
O..........XXXXXX
O...........XXXXO
.................
.................
***
Heatmap:
  3  4  5  6  7  8  9 10 10  9  9  8  7  6  5  4  3
  4  5  6  7  8  9 10 11 11 10 10  9  8  7  6  5  4
  5  6  6  7  8  9 10 11 11 10  9  8  7  8  7  6  5
  6  6  5  6  7  8  9 10 10  9  8  7  6  7  7  7  6
  5  5  4  5  6  7  8  9  9  8  7  6  5  6  6  6  5
  4  4  3  4  5  6  7  8  8  7  6  5  4  5  5  5  4
  3  3  2  3  4  5  6  7  7  6  5  4  3  4  4  4  3
  2  2  1  2  3  4  5  6  6  5  4  3  2  3  3  3  2
  1  1  0  1  2  3  4  5  5  4  3  2  1  2  2  2  1
  0  0  0  1  2  3  4  5  4  3  2  1  0  1  1  1  0
  0  1  1  2  3  4  5  6  5  4 -2 -2  0  0  0  0  0
  0  1  2  3  4  5  6  7  6  5  6 -2 -2 -2 -2 -2 -2
  0  1  2  3  4  5  6  7  7  6  7  7 -2 -2 -2 -2  0
  1  2  3  4  5  6  7  8  8  7  7  6  5  4  3  2  1
  2  3  4  5  6  7  8  9  9  8  8  7  6  5  4  3  2
.................
.................
.................
.................
.................
.................
.................
.................
..O..............
OOO........OO...O
O.......XXXXOOOOO
O..........XXXXXX
O...........XXXXO
.................
.................
.**
Heatmap:
  3  4  5  6  7  8  9 10 11 10  9  8  7  6  5  4  3
  4  5  6  7  8  9 10 11 11 10  9  8  8  7  6  5  4
  5  6  6  7  8  9 10 11 10  9  8  7  7  8  7  6  5
  6  6  5  6  7  8  9 10  9  8  7  6  6  7  7  7  6
  5  5  4  5  6  7  8  9  8  7  6  5  5  6  6  6  5
  4  4  3  4  5  6  7  8  7  6  5  4  4  5  5  5  4
  3  3  2  3  4  5  6  7  6  5  4  3  3  4  4  4  3
  2  2  1  2  3  4  5  6  5  4  3  2  2  3  3  3  2
  1  1  0  1  2  3  4  5  4  3  2  1  1  2  2  2  1
  0  0  0  1  2  3  4  4  3  2  1  0  0  1  1  1  0
  0  1  1  2  3  4  5  5 -2 -2 -2 -2  0  0  0  0  0
  0  1  2  3  4  5  6  6  7  8  9 -2 -2 -2 -2 -2 -2
  0  1  2  3  4  5  6  7  8  9  8  7 -2 -2 -2 -2  0
  1  2  3  4  5  6  7  8  9  8  7  6  5  4  3  2  1
  2  3  4  5  6  7  8  9 10  9  8  7  6  5  4  3  2
.................
.................
.................
.................
.................
.................
.................
.................
..O.......OO.....
OOO........OO...O
O......XXXXXOOOOO
O..........XXXXXX
O...........XXXXO
.................
.................
.**
***
Heatmap:
  3  4  5  6  7  8  9 10 10  9  8  8  7  6  5  4  3
  4  5  6  7  8  9 10 10  9  8  7  7  8  7  6  5  4
  5  6  6  7  8  9 10  9  8  7  6  6  7  8  7  6  5
  6  6  5  6  7  8  9  8  7  6  5  5  6  7  7  7  6
  5  5  4  5  6  7  8  7  6  5  4  4  5  6  6  6  5
  4  4  3  4  5  6  7  6  5  4  3  3  4  5  5  5  4
  3  3  2  3  4  5  6  5  4  3  2  2  3  4  4  4  3
  2  2  1  2  3  4  5  4  3  2  1  1  2  3  3  3  2
  1  1  0  1  2  3  4  3  2  1  0  0  1  2  2  2  1
  0  0  0  1  2  3  4  4  3  2  1  0  0  1  1  1  0
  0  1  1  2  3  4  5 -2 -2 -2 -2 -2  0  0  0  0  0
  0  1  2  3  4  5  6  7  8  9  9 -2 -2 -2 -2 -2 -2
  0  1  2  3  4  5  6  7  8  9  8  7 -2 -2 -2 -2  0
  1  2  3  4  5  6  7  8  9  8  7  6  5  4  3  2  1
  2  3  4  5  6  7  8  9 10  9  8  7  6  5  4  3  2
.................
.................
.................
.................
.................
.................
.................
.................
..O.......OO.....
OOO.......OOO...O
O......XXXXXOOOOO
O..........XXXXXX
O...........XXXXO
..............XX.
.................
*..
*..
Heatmap:
  3  4  5  6  7  8  9 10 10  9  8  8  7  6  5  4  3
  4  5  6  7  8  9 10 10  9  8  7  7  8  7  6  5  4
  5  6  6  7  8  9 10  9  8  7  6  6  7  8  7  6  5
  6  6  5  6  7  8  9  8  7  6  5  5  6  7  7  7  6
  5  5  4  5  6  7  8  7  6  5  4  4  5  6  6  6  5
  4  4  3  4  5  6  7  6  5  4  3  3  4  5  5  5  4
  3  3  2  3  4  5  6  5  4  3  2  2  3  4  4  4  3
  2  2  1  2  3  4  5  4  3  2  1  1  2  3  3  3  2
  1  1  0  1  2  3  4  3  2  1  0  0  1  2  2  2  1
  0  0  0  1  2  3  4  3  2  1  0  0  0  1  1  1  0
  0  1  1  2  3  4  5 -2 -2 -2 -2 -2  0  0  0  0  0
  0  1  2  3  4  5  6  7  8  9 10 -2 -2 -2 -2 -2 -2
  0  1  2  3  4  5  6  7  8  9 10  9 -2 -2 -2 -2  0
  1  2  3  4  5  6  7  8  9 10  9  8  7  6 -2 -2  1
  2  3  4  5  6  7  8  9 10  9  8  7  6  5  4  3  2
.................
.................
.................
.................
.................
.................
.................
.........OO......
..O.......OO.....
OOO......XOOO...O
O......XXXXXOOOOO
O..........XXXXXX
O...........XXXXO
..............XX.
.................
*..
*..
Heatmap:
  3  4  5  6  7  8  9  9  8  7  7  8  7  6  5  4  3
  4  5  6  7  8  9  9  8  7  6  6  7  8  7  6  5  4
  5  6  6  7  8  9  8  7  6  5  5  6  7  8  7  6  5
  6  6  5  6  7  8  7  6  5  4  4  5  6  7  7  7  6
  5  5  4  5  6  7  6  5  4  3  3  4  5  6  6  6  5
  4  4  3  4  5  6  5  4  3  2  2  3  4  5  5  5  4
  3  3  2  3  4  5  4  3  2  1  1  2  3  4  4  4  3
  2  2  1  2  3  4  3  2  1  0  0  1  2  3  3  3  2
  1  1  0  1  2  3  4  3  2  1  0  0  1  2  2  2  1
  0  0  0  1  2  3  4  4  3 -2  0  0  0  1  1  1  0
  0  1  1  2  3  4  5 -2 -2 -2 -2 -2  0  0  0  0  0
  0  1  2  3  4  5  6  7  8  9 10 -2 -2 -2 -2 -2 -2
  0  1  2  3  4  5  6  7  8  9 10  9 -2 -2 -2 -2  0
  1  2  3  4  5  6  7  8  9 10  9  8  7  6 -2 -2  1
  2  3  4  5  6  7  8  9 10  9  8  7  6  5  4  3  2
.................
.................
.................
.................
.................
.................
.................
........OOO......
..O......XOO.....
OOO......XOOO...O
O......XXXXXOOOOO
O..........XXXXXX
O...........XXXXO
..............XX.
.................
***
Heatmap:
  3  4  5  6  7  8  9  8  7  7  7  8  7  6  5  4  3
  4  5  6  7  8  9  8  7  6  6  6  7  8  7  6  5  4
  5  6  6  7  8  8  7  6  5  5  5  6  7  8  7  6  5
  6  6  5  6  7  7  6  5  4  4  4  5  6  7  7  7  6
  5  5  4  5  6  6  5  4  3  3  3  4  5  6  6  6  5
  4  4  3  4  5  5  4  3  2  2  2  3  4  5  5  5  4
  3  3  2  3  4  4  3  2  1  1  1  2  3  4  4  4  3
  2  2  1  2  3  3  2  1  0  0  0  1  2  3  3  3  2
  1  1  0  1  2  3  3  2  1 -2  0  0  1  2  2  2  1
  0  0  0  1  2  3  4  3  2 -2  0  0  0  1  1  1  0
  0  1  1  2  3  4  5 -2 -2 -2 -2 -2  0  0  0  0  0
  0  1  2  3  4  5  6  7  8  9 10 -2 -2 -2 -2 -2 -2
  0  1  2  3  4  5  6  7  8  9 10  9 -2 -2 -2 -2  0
  1  2  3  4  5  6  7  8  9 10  9  8  7  6 -2 -2  1
  2  3  4  5  6  7  8  9 10  9  8  7  6  5  4  3  2
.................
.................
.................
.................
.................
.................
.................
........OOO......
..O......XOO.....
OOO......XOOO...O
O......XXXXXOOOOO
O..........XXXXXX
OO..........XXXXO
X.............XXX
.................
.**
Heatmap:
  4  3  4  5  6  7  8  8  7  7  7  8  9 10 10 10  9
  5  4  5  6  7  8  8  7  6  6  6  7  8  9  9  9  8
  6  5  6  7  8  8  7  6  5  5  5  6  7  8  8  8  7
  6  6  5  6  7  7  6  5  4  4  4  5  6  7  7  7  6
  5  5  4  5  6  6  5  4  3  3  3  4  5  6  6  6  5
  4  4  3  4  5  5  4  3  2  2  2  3  4  5  5  5  4
  3  3  2  3  4  4  3  2  1  1  1  2  3  4  4  4  3
  2  2  1  2  3  3  2  1  0  0  0  1  2  3  3  3  2
  1  1  0  1  2  3  3  2  1 -2  0  0  1  2  2  2  1
  0  0  0  1  2  3  4  3  2 -2  0  0  0  1  1  1  0
  0  1  1  2  3  4  5 -2 -2 -2 -2 -2  0  0  0  0  0
  0  1  2  3  4  5  6  7  8  9 10 -2 -2 -2 -2 -2 -2
  0  0  1  2  3  4  5  6  7  8  9 10 -2 -2 -2 -2  0
 -2  1  2  3  4  5  6  7  8  9 10 11 12 13 -2 -2 -2
  3  2  3  4  5  6  7  8  9 10 11 12 13 14 15 16 17
.................
.................
.................
.................
.................
.................
.................
.......OOOO......
..O.....XXOO.....
OOO......XOOO...O
O......XXXXXOOOOO
O..........XXXXXX
OO..........XXXXO
X.............XXX
.................
***
*..
Heatmap:
  4  3  4  5  6  7  8  7  7  7  7  8  9 10 10 10  9
  5  4  5  6  7  8  7  6  6  6  6  7  8  9  9  9  8
  6  5  6  7  8  7  6  5  5  5  5  6  7  8  8  8  7
  6  6  5  6  7  6  5  4  4  4  4  5  6  7  7  7  6
  5  5  4  5  6  5  4  3  3  3  3  4  5  6  6  6  5
  4  4  3  4  5  4  3  2  2  2  2  3  4  5  5  5  4
  3  3  2  3  4  3  2  1  1  1  1  2  3  4  4  4  3
  2  2  1  2  3  2  1  0  0  0  0  1  2  3  3  3  2
  1  1  0  1  2  3  2  1 -2 -2  0  0  1  2  2  2  1
  0  0  0  1  2  3  3  2  3 -2  0  0  0  1  1  1  0
  0  1  1  2  3  4  4 -2 -2 -2 -2 -2  0  0  0  0  0
  0  1  2  3  4  5  5  6  7  8  9 -2 -2 -2 -2 -2 -2
  0  0  1  2  3  4  5  6  7  8  9 10 -2 -2 -2 -2  0
 -2  1  2  3  4  5  6  7  8  9 10 11 12 13 -2 -2 -2
  3  2  3  4  5  6  7  8  9 10 11 12 13 14 15 16 17
.................
.................
.................
.................
.................
.................
.................
......OOOOO......
..O...OOXXOO.....
OOO....X.XOOO...O
O......XXXXXOOOOO
O..........XXXXXX
OO..........XXXXO
X.............XXX
.................
**.
.**
Heatmap:
  4  3  4  5  6  7  7  7  7  7  7  8  9 10 10 10  9
  5  4  5  6  7  7  6  6  6  6  6  7  8  9  9  9  8
  6  5  6  7  7  6  5  5  5  5  5  6  7  8  8  8  7
  6  6  5  6  6  5  4  4  4  4  4  5  6  7  7  7  6
  5  5  4  5  5  4  3  3  3  3  3  4  5  6  6  6  5
  4  4  3  4  4  3  2  2  2  2  2  3  4  5  5  5  4
  3  3  2  3  3  2  1  1  1  1  1  2  3  4  4  4  3
  2  2  1  2  2  1  0  0  0  0  0  1  2  3  3  3  2
  1  1  0  1  2  1  0  0 -2 -2  0  0  1  2  2  2  1
  0  0  0  1  2  2  1 -2 -1 -2  0  0  0  1  1  1  0
  0  1  1  2  3  3  2 -2 -2 -2 -2 -2  0  0  0  0  0
  0  1  2  3  4  4  3  4  5  6  7 -2 -2 -2 -2 -2 -2
  0  0  1  2  3  4  4  5  6  7  8  9 -2 -2 -2 -2  0
 -2  1  2  3  4  5  5  6  7  8  9 10 11 12 -2 -2 -2
  3  2  3  4  5  6  6  7  8  9 10 11 12 13 14 15 16
.................
.................
.................
.................
.................
.................
.................
......OOOOO......
..O..OOOXXOO.....
OOO..XXX.XOOO...O
O.....XXXXXXOOOOO
O..........XXXXXX
OO..........XXXXO
X.............XXX
.................
**.
***
Heatmap:
  4  3  4  5  6  7  7  7  7  7  7  8  9 10 10 10  9
  5  4  5  6  7  7  6  6  6  6  6  7  8  9  9  9  8
  6  5  6  7  7  6  5  5  5  5  5  6  7  8  8  8  7
  6  6  5  6  6  5  4  4  4  4  4  5  6  7  7  7  6
  5  5  4  5  5  4  3  3  3  3  3  4  5  6  6  6  5
  4  4  3  4  4  3  2  2  2  2  2  3  4  5  5  5  4
  3  3  2  3  3  2  1  1  1  1  1  2  3  4  4  4  3
  2  2  1  2  2  1  0  0  0  0  0  1  2  3  3  3  2
  1  1  0  1  1  0  0  0 -2 -2  0  0  1  2  2  2  1
  0  0  0  1  2 -2 -2 -2 -1 -2  0  0  0  1  1  1  0
  0  1  1  2  3  4 -2 -2 -2 -2 -2 -2  0  0  0  0  0
  0  1  2  3  4  5  6  7  8  9 10 -2 -2 -2 -2 -2 -2
  0  0  1  2  3  4  5  6  7  8  9 10 -2 -2 -2 -2  0
 -2  1  2  3  4  5  6  7  8  9 10 11 12 13 -2 -2 -2
  3  2  3  4  5  6  7  8  9 10 11 12 13 14 15 16 17
.................
.................
.................
.................
.................
.................
.................
......OOOOO......
..O.OOOOXXOO.....
OOO..XXXXXOOO...O
O.....XXXXXXOOOOO
O..........XXXXXX
OO..........XXXXO
X.............XXX
.................
**.
***
Heatmap:
  4  3  4  5  6  7  7  7  7  7  7  8  9 10 10 10  9
  5  4  5  6  7  7  6  6  6  6  6  7  8  9  9  9  8
  6  5  6  7  6  6  5  5  5  5  5  6  7  8  8  8  7
  6  6  5  6  5  5  4  4  4  4  4  5  6  7  7  7  6
  5  5  4  5  4  4  3  3  3  3  3  4  5  6  6  6  5
  4  4  3  4  3  3  2  2  2  2  2  3  4  5  5  5  4
  3  3  2  3  2  2  1  1  1  1  1  2  3  4  4  4  3
  2  2  1  2  1  1  0  0  0  0  0  1  2  3  3  3  2
  1  1  0  1  0  0  0  0 -2 -2  0  0  1  2  2  2  1
  0  0  0  1  1 -2 -2 -2 -2 -2  0  0  0  1  1  1  0
  0  1  1  2  2  3 -2 -2 -2 -2 -2 -2  0  0  0  0  0
  0  1  2  3  3  4  5  6  7  8  9 -2 -2 -2 -2 -2 -2
  0  0  1  2  3  4  5  6  7  8  9 10 -2 -2 -2 -2  0
 -2  1  2  3  4  5  6  7  8  9 10 11 12 13 -2 -2 -2
  3  2  3  4  5  6  7  8  9 10 11 12 13 14 15 16 17
.................
.................
.................
.................
.................
.................
.................
......OOOOO......
..O.OOOOXXOO.....
OOO.OXXXXXOOO...O
O.....XXXXXXOOOOO
O..........XXXXXX
OO..........XXXXO
X.............XXX
X................
.**
Heatmap:
  4  3  4  5  6  7  7  7  7  7  7  8  9 10 10 10  9
  5  4  5  6  7  7  6  6  6  6  6  7  8  9  9  9  8
  6  5  6  7  6  6  5  5  5  5  5  6  7  8  8  8  7
  6  6  5  6  5  5  4  4  4  4  4  5  6  7  7  7  6
  5  5  4  5  4  4  3  3  3  3  3  4  5  6  6  6  5
  4  4  3  4  3  3  2  2  2  2  2  3  4  5  5  5  4
  3  3  2  3  2  2  1  1  1  1  1  2  3  4  4  4  3
  2  2  1  2  1  1  0  0  0  0  0  1  2  3  3  3  2
  1  1  0  1  0  0  0  0 -2 -2  0  0  1  2  2  2  1
  0  0  0  1  0 -2 -2 -2 -2 -2  0  0  0  1  1  1  0
  0  1  1  2  1  2 -2 -2 -2 -2 -2 -2  0  0  0  0  0
  0  1  2  3  2  3  4  5  6  7  8 -2 -2 -2 -2 -2 -2
  0  0  1  2  3  4  5  6  7  8  9 10 -2 -2 -2 -2  0
 -2  1  2  3  4  5  6  7  8  9 10 11 12 13 -2 -2 -2
 -2  2  3  4  5  6  7  8  9 10 11 12 13 14 15 16 17
.................
.................
.................
.................
.................
.................
.................
......OOOOO......
..O.OOOOXXOO.....
OOO.OXXXXXOOO...O
O.....XXXXXXOOOOO
O..........XXXXXX
OOO.........XXXXO
XX............XXX
X................
***
***
Heatmap:
  5  4  3  4  5  6  7  7  7  7  7  8  9 10 10 10  9
  6  5  4  5  6  7  6  6  6  6  6  7  8  9  9  9  8
  7  6  5  6  6  6  5  5  5  5  5  6  7  8  8  8  7
  6  6  5  6  5  5  4  4  4  4  4  5  6  7  7  7  6
  5  5  4  5  4  4  3  3  3  3  3  4  5  6  6  6  5
  4  4  3  4  3  3  2  2  2  2  2  3  4  5  5  5  4
  3  3  2  3  2  2  1  1  1  1  1  2  3  4  4  4  3
  2  2  1  2  1  1  0  0  0  0  0  1  2  3  3  3  2
  1  1  0  1  0  0  0  0 -2 -2  0  0  1  2  2  2  1
  0  0  0  1  0 -2 -2 -2 -2 -2  0  0  0  1  1  1  0
  0  1  1  2  1  2 -2 -2 -2 -2 -2 -2  0  0  0  0  0
  0  1  1  2  2  3  4  5  6  7  8 -2 -2 -2 -2 -2 -2
  0  0  0  1  2  3  4  5  6  7  8  9 -2 -2 -2 -2  0
 -2 -2  1  2  3  4  5  6  7  8  9 10 11 12 -2 -2 -2
 -2  3  2  3  4  5  6  7  8  9 10 11 12 13 14 15 16
.................
.................
.................
.................
.................
.................
.................
......OOOOO......
..O.OOOOXXOO.....
OOOOOXXXXXOOO...O
O....XXXXXXXOOOOO
O..........XXXXXX
OOO.........XXXXO
XX............XXX
X................
***
***
Heatmap:
  5  4  3  4  5  6  7  7  7  7  7  8  9 10 10 10  9
  6  5  4  5  6  7  6  6  6  6  6  7  8  9  9  9  8
  7  6  5  6  6  6  5  5  5  5  5  6  7  8  8  8  7
  6  6  5  6  5  5  4  4  4  4  4  5  6  7  7  7  6
  5  5  4  5  4  4  3  3  3  3  3  4  5  6  6  6  5
  4  4  3  4  3  3  2  2  2  2  2  3  4  5  5  5  4
  3  3  2  3  2  2  1  1  1  1  1  2  3  4  4  4  3
  2  2  1  2  1  1  0  0  0  0  0  1  2  3  3  3  2
  1  1  0  1  0  0  0  0 -2 -2  0  0  1  2  2  2  1
  0  0  0  0  0 -2 -2 -2 -2 -2  0  0  0  1  1  1  0
  0  1  1  1  1 -2 -2 -2 -2 -2 -2 -2  0  0  0  0  0
  0  1  1  2  2  3  4  5  6  7  8 -2 -2 -2 -2 -2 -2
  0  0  0  1  2  3  4  5  6  7  8  9 -2 -2 -2 -2  0
 -2 -2  1  2  3  4  5  6  7  8  9 10 11 12 -2 -2 -2
 -2  3  2  3  4  5  6  7  8  9 10 11 12 13 14 15 16
.................
.................
.................
.................
.................
.................
.................
......OOOOO......
..O.OOOOXXOO.....
OOOOOXXXXXOOO...O
O....XXXXXXXOOOOO
O..........XXXXXX
OOOO........XXXXO
XX............XXX
XX...............
***
***
Heatmap:
  5  4  3  3  4  5  6  7  7  7  7  8  9 10 10 10  9
  6  5  4  4  5  6  6  6  6  6  6  7  8  9  9  9  8
  7  6  5  5  6  6  5  5  5  5  5  6  7  8  8  8  7
  6  6  5  6  5  5  4  4  4  4  4  5  6  7  7  7  6
  5  5  4  5  4  4  3  3  3  3  3  4  5  6  6  6  5
  4  4  3  4  3  3  2  2  2  2  2  3  4  5  5  5  4
  3  3  2  3  2  2  1  1  1  1  1  2  3  4  4  4  3
  2  2  1  2  1  1  0  0  0  0  0  1  2  3  3  3  2
  1  1  0  1  0  0  0  0 -2 -2  0  0  1  2  2  2  1
  0  0  0  0  0 -2 -2 -2 -2 -2  0  0  0  1  1  1  0
  0  1  1  1  1 -2 -2 -2 -2 -2 -2 -2  0  0  0  0  0
  0  1  1  1  2  3  4  5  6  7  8 -2 -2 -2 -2 -2 -2
  0  0  0  0  1  2  3  4  5  6  7  8 -2 -2 -2 -2  0
 -2 -2  1  1  2  3  4  5  6  7  8  9 10 11 -2 -2 -2
 -2 -2  2  2  3  4  5  6  7  8  9 10 11 12 13 14 15
.................
.................
.................
.................
.................
.................
.................
......OOOOO......
..O.OOOOXXOO.....
OOOOOXXXXXOOO...O
O..XXXXXXXXXOOOOO
O..XXX.....XXXXXX
OOOOO.......XXXXO
XX............XXX
XX...............
***
***
Heatmap:
  5  4  3  3  3  4  5  6  7  7  7  8  9 10 10 10  9
  6  5  4  4  4  5  6  6  6  6  6  7  8  9  9  9  8
  7  6  5  5  5  6  5  5  5  5  5  6  7  8  8  8  7
  6  6  5  6  5  5  4  4  4  4  4  5  6  7  7  7  6
  5  5  4  5  4  4  3  3  3  3  3  4  5  6  6  6  5
  4  4  3  4  3  3  2  2  2  2  2  3  4  5  5  5  4
  3  3  2  3  2  2  1  1  1  1  1  2  3  4  4  4  3
  2  2  1  2  1  1  0  0  0  0  0  1  2  3  3  3  2
  1  1  0  1  0  0  0  0 -2 -2  0  0  1  2  2  2  1
  0  0  0  0  0 -2 -2 -2 -2 -2  0  0  0  1  1  1  0
  0  1  1 -2 -2 -2 -2 -2 -2 -2 -2 -2  0  0  0  0  0
  0  1  1 -2 -2 -2  3  4  5  6  7 -2 -2 -2 -2 -2 -2
  0  0  0  0  0  1  2  3  4  5  6  7 -2 -2 -2 -2  0
 -2 -2  1  1  1  2  3  4  5  6  7  8  9 10 -2 -2 -2
 -2 -2  2  2  2  3  4  5  6  7  8  9 10 11 12 13 14
.................
.................
.................
.................
.................
.................
.................
......OOOOO......
..O.OOOOXXOO.....
OOOOOXXXXXOOO...O
O.OXXXXXXXXXOOOOO
O..XXX.....XXXXXX
OOOOOX......XXXXO
XX............XXX
XX...............
.**
Heatmap:
  5  4  3  3  3  4  5  6  7  7  7  8  9 10 10 10  9
  6  5  4  4  4  5  6  6  6  6  6  7  8  9  9  9  8
  7  6  5  5  5  6  5  5  5  5  5  6  7  8  8  8  7
  6  6  5  6  5  5  4  4  4  4  4  5  6  7  7  7  6
  5  5  4  5  4  4  3  3  3  3  3  4  5  6  6  6  5
  4  4  3  4  3  3  2  2  2  2  2  3  4  5  5  5  4
  3  3  2  3  2  2  1  1  1  1  1  2  3  4  4  4  3
  2  2  1  2  1  1  0  0  0  0  0  1  2  3  3  3  2
  1  1  0  1  0  0  0  0 -2 -2  0  0  1  2  2  2  1
  0  0  0  0  0 -2 -2 -2 -2 -2  0  0  0  1  1  1  0
  0  1  0 -2 -2 -2 -2 -2 -2 -2 -2 -2  0  0  0  0  0
  0  1  1 -2 -2 -2  5  6  7  8  9 -2 -2 -2 -2 -2 -2
  0  0  0  0  0 -2  4  5  6  7  8  9 -2 -2 -2 -2  0
 -2 -2  1  1  1  2  3  4  5  6  7  8  9 10 -2 -2 -2
 -2 -2  2  2  2  3  4  5  6  7  8  9 10 11 12 13 14
.................
.................
.................
.................
.................
.................
.................
......OOOOO......
..O.OOOOXXOO.....
OOOOOXXXXXOOO...O
OOOXXXXXXXXXOOOOO
OOXXXX.....XXXXXX
OOOOOX......XXXXO
XX............XXX
XX...............
***
***
Heatmap:
  5  4  3  3  3  4  5  6  7  7  7  8  9 10 10 10  9
  6  5  4  4  4  5  6  6  6  6  6  7  8  9  9  9  8
  7  6  5  5  5  6  5  5  5  5  5  6  7  8  8  8  7
  6  6  5  6  5  5  4  4  4  4  4  5  6  7  7  7  6
  5  5  4  5  4  4  3  3  3  3  3  4  5  6  6  6  5
  4  4  3  4  3  3  2  2  2  2  2  3  4  5  5  5  4
  3  3  2  3  2  2  1  1  1  1  1  2  3  4  4  4  3
  2  2  1  2  1  1  0  0  0  0  0  1  2  3  3  3  2
  1  1  0  1  0  0  0  0 -2 -2  0  0  1  2  2  2  1
  0  0  0  0  0 -2 -2 -2 -2 -2  0  0  0  1  1  1  0
  0  0  0 -2 -2 -2 -2 -2 -2 -2 -2 -2  0  0  0  0  0
  0  0 -2 -2 -2 -2  5  6  7  8  9 -2 -2 -2 -2 -2 -2
  0  0  0  0  0 -2  4  5  6  7  8  9 -2 -2 -2 -2  0
 -2 -2  1  1  1  2  3  4  5  6  7  8  9 10 -2 -2 -2
 -2 -2  2  2  2  3  4  5  6  7  8  9 10 11 12 13 14
.XX..............
.................
.................
.................
.................
.................
.................
......OOOOO......
.OO.OOOOXXOO.....
OOOOOXXXXXOOO...O
OOOXXXXXXXXXOOOOO
OOXXXX.....XXXXXX
OOOOOX......XXXXO
XX............XXX
XXX..............
..*
.**
Heatmap:
  8 -2 -2  3  3  4  5  6  7  7  7  8  9 10 10 10  9
  7  6  5  4  4  5  6  6  6  6  6  7  8  9  9  9  8
  7  6  6  5  5  6  5  5  5  5  5  6  7  8  8  8  7
  6  5  5  6  5  5  4  4  4  4  4  5  6  7  7  7  6
  5  4  4  5  4  4  3  3  3  3  3  4  5  6  6  6  5
  4  3  3  4  3  3  2  2  2  2  2  3  4  5  5  5  4
  3  2  2  3  2  2  1  1  1  1  1  2  3  4  4  4  3
  2  1  1  2  1  1  0  0  0  0  0  1  2  3  3  3  2
  1  0  0  1  0  0  0  0 -2 -2  0  0  1  2  2  2  1
  0  0  0  0  0 -2 -2 -2 -2 -2  0  0  0  1  1  1  0
  0  0  0 -2 -2 -2 -2 -2 -2 -2 -2 -2  0  0  0  0  0
  0  0 -2 -2 -2 -2  5  6  7  8  9 -2 -2 -2 -2 -2 -2
  0  0  0  0  0 -2  4  5  6  7  8  9 -2 -2 -2 -2  0
 -2 -2  1  1  1  2  3  4  5  6  7  8  9 10 -2 -2 -2
 -2 -2 -2  2  2  3  4  5  6  7  8  9 10 11 12 13 14
.XX..............
.................
.................
.................
.................
.................
.................
..O...OOOOO......
OOO.OOOOXXOO.....
OOOOOXXXXXOOO...O
OOOXXXXXXXXXOOOOO
OOXXXX.....XXXXXX
OOOOOX......XXXXO
XX.X..........XXX
XXXX.............
*..
*..
Heatmap:
  8 -2 -2  4  3  4  5  6  7  7  7  8  9 10 10 10  9
  7  7  6  5  4  5  6  6  6  6  6  7  8  9  9  9  8
  6  6  5  6  5  6  5  5  5  5  5  6  7  8  8  8  7
  5  5  4  5  5  5  4  4  4  4  4  5  6  7  7  7  6
  4  4  3  4  4  4  3  3  3  3  3  4  5  6  6  6  5
  3  3  2  3  3  3  2  2  2  2  2  3  4  5  5  5  4
  2  2  1  2  2  2  1  1  1  1  1  2  3  4  4  4  3
  1  1  0  1  1  1  0  0  0  0  0  1  2  3  3  3  2
  0  0  0  1  0  0  0  0 -2 -2  0  0  1  2  2  2  1
  0  0  0  0  0 -2 -2 -2 -2 -2  0  0  0  1  1  1  0
  0  0  0 -2 -2 -2 -2 -2 -2 -2 -2 -2  0  0  0  0  0
  0  0 -2 -2 -2 -2  5  6  7  8  9 -2 -2 -2 -2 -2 -2
  0  0  0  0  0 -2  4  5  6  7  8  9 -2 -2 -2 -2  0
 -2 -2  1 -2  1  2  3  4  5  6  7  8  9 10 -2 -2 -2
 -2 -2 -2 -2  2  3  4  5  6  7  8  9 10 11 12 13 14
.XX..............
.................
.................
.................
.................
.................
..OOO............
..O...OOOOO......
OOO.OOOOXXOO.....
OOOOOXXXXXOOO...O
OOOXXXXXXXXXOOOOO
OOXXXX.....XXXXXX
OOOOOX......XXXXO
XXXX..........XXX
XXXX.............
.*.
.*.
Heatmap:
  8 -2 -2  4  3  4  5  6  7  7  7  8  9 10 10 10  9
  7  6  5  5  4  5  6  6  6  6  6  7  8  9  9  9  8
  6  5  4  4  4  5  5  5  5  5  5  6  7  8  8  8  7
  5  4  3  3  3  4  4  4  4  4  4  5  6  7  7  7  6
  4  3  2  2  2  3  3  3  3  3  3  4  5  6  6  6  5
  3  2  1  1  1  2  2  2  2  2  2  3  4  5  5  5  4
  2  1  0  0  0  1  1  1  1  1  1  2  3  4  4  4  3
  1  1  0  1  1  1  0  0  0  0  0  1  2  3  3  3  2
  0  0  0  1  0  0  0  0 -2 -2  0  0  1  2  2  2  1
  0  0  0  0  0 -2 -2 -2 -2 -2  0  0  0  1  1  1  0
  0  0  0 -2 -2 -2 -2 -2 -2 -2 -2 -2  0  0  0  0  0
  0  0 -2 -2 -2 -2  5  6  7  8  9 -2 -2 -2 -2 -2 -2
  0  0  0  0  0 -2  4  5  6  7  8  9 -2 -2 -2 -2  0
 -2 -2 -2 -2  1  2  3  4  5  6  7  8  9 10 -2 -2 -2
 -2 -2 -2 -2  2  3  4  5  6  7  8  9 10 11 12 13 14
.XX..............
.................
.................
.................
.................
.................
..OOO............
..O...OOOOO......
OOO.OOOOXXOO.....
OOOOOXXXXXOOO...O
OOOXXXXXXXXXOOOOO
OOXXXX.....XXXXXX
OOOOOX......XXXXO
XXXXOX........XXX
XXXX.............
**.
...
Heatmap:
  8 -2 -2  3  2  3  4  5  6  7  7  8  9 10 10 10  9
  7  6  5  4  3  4  5  6  6  6  6  7  8  9  9  9  8
  6  5  4  4  4  5  5  5  5  5  5  6  7  8  8  8  7
  5  4  3  3  3  4  4  4  4  4  4  5  6  7  7  7  6
  4  3  2  2  2  3  3  3  3  3  3  4  5  6  6  6  5
  3  2  1  1  1  2  2  2  2  2  2  3  4  5  5  5  4
  2  1  0  0  0  1  1  1  1  1  1  2  3  4  4  4  3
  1  1  0  1  1  1  0  0  0  0  0  1  2  3  3  3  2
  0  0  0  1  0  0  0  0 -2 -2  0  0  1  2  2  2  1
  0  0  0  0  0 -2 -2 -2 -2 -2  0  0  0  1  1  1  0
  0  0  0 -2 -2 -2 -2 -2 -2 -2 -2 -2  0  0  0  0  0
  0  0 -2 -2 -2 -2  6  7  8  9 10 -2 -2 -2 -2 -2 -2
  0  0  0  0  0 -2  5  6  7  8  9 10 -2 -2 -2 -2  0
 -2 -2 -2 -2  0 -2  4  5  6  7  8  9 10 11 -2 -2 -2
 -2 -2 -2 -2  1  2  3  4  5  6  7  8  9 10 11 12 13
.XX..............
.................
.................
.................
.................
.................
.OOOO............
..O...OOOOO......
OOO.OOOOXXOO.....
OOOOOXXXXXOOO...O
OOOXXXXXXXXXOOOOO
OOXXXX.....XXXXXX
OOOOOX......XXXXO
XXXXOX........XXX
XXXXX............
**.
**.
Heatmap:
  7 -2 -2  6  6  7  7  7  7  7  7  8  9 10 10 10  9
  6  5  5  5  5  6  6  6  6  6  6  7  8  9  9  9  8
  5  4  4  4  4  5  5  5  5  5  5  6  7  8  8  8  7
  4  3  3  3  3  4  4  4  4  4  4  5  6  7  7  7  6
  3  2  2  2  2  3  3  3  3  3  3  4  5  6  6  6  5
  2  1  1  1  1  2  2  2  2  2  2  3  4  5  5  5  4
  1  0  0  0  0  1  1  1  1  1  1  2  3  4  4  4  3
  1  1  0  1  1  1  0  0  0  0  0  1  2  3  3  3  2
  0  0  0  1  0  0  0  0 -2 -2  0  0  1  2  2  2  1
  0  0  0  0  0 -2 -2 -2 -2 -2  0  0  0  1  1  1  0
  0  0  0 -2 -2 -2 -2 -2 -2 -2 -2 -2  0  0  0  0  0
  0  0 -2 -2 -2 -2 -1 -1 -1 -1 -1 -2 -2 -2 -2 -2 -2
  0  0  0  0  0 -2 -1 -1 -1 -1 -1 -1 -2 -2 -2 -2  0
 -2 -2 -2 -2  0 -2 -1 -1 -1 -1 -1 -1 -1 -1 -2 -2 -2
 -2 -2 -2 -2 -2 -1 -1 -1 -1 -1 -1 -1 -1 -1 -1 -1 -1
.XX..............
.................
.................
.................
.................
.................
OOOOO............
..O...OOOOO......
OOO.OOOOXXOO.....
OOOOOXXXXXOOO...O
OOOXXXXXXXXXOOOOO
OOXXXX.....XXXXXX
OOOOOX......XXXXO
XXXXOXX.......XXX
XXXXXXX..........
**.
Heatmap:
  6 -2 -2  6  6  7  7  7  7  7  7  8  9 10 10 10  9
  5  5  5  5  5  6  6  6  6  6  6  7  8  9  9  9  8
  4  4  4  4  4  5  5  5  5  5  5  6  7  8  8  8  7
  3  3  3  3  3  4  4  4  4  4  4  5  6  7  7  7  6
  2  2  2  2  2  3  3  3  3  3  3  4  5  6  6  6  5
  1  1  1  1  1  2  2  2  2  2  2  3  4  5  5  5  4
  0  0  0  0  0  1  1  1  1  1  1  2  3  4  4  4  3
  1  1  0  1  1  1  0  0  0  0  0  1  2  3  3  3  2
  0  0  0  1  0  0  0  0 -2 -2  0  0  1  2  2  2  1
  0  0  0  0  0 -2 -2 -2 -2 -2  0  0  0  1  1  1  0
  0  0  0 -2 -2 -2 -2 -2 -2 -2 -2 -2  0  0  0  0  0
  0  0 -2 -2 -2 -2 -1 -1 -1 -1 -1 -2 -2 -2 -2 -2 -2
  0  0  0  0  0 -2 -1 -1 -1 -1 -1 -1 -2 -2 -2 -2  0
 -2 -2 -2 -2  0 -2 -2 -1 -1 -1 -1 -1 -1 -1 -2 -2 -2
 -2 -2 -2 -2 -2 -2 -2 -1 -1 -1 -1 -1 -1 -1 -1 -1 -1
.XX..............
.................
.................
.................
.................
.................
OOOOO...........O
..O...OOOOO......
OOO.OOOOXXOO.....
OOOOOXXXXXOOO...O
OOOXXXXXXXXXOOOOO
OOXXXX.....XXXXXX
OOOOOX......XXXXO
XXXXOXX.......XXX
XXXXXXX.........X
.**
.**
Heatmap:
  6 -2 -2  6  6  7  7  7  7  7  7  8  9  9  8  7  6
  5  5  5  5  5  6  6  6  6  6  6  7  8  8  7  6  5
  4  4  4  4  4  5  5  5  5  5  5  6  7  7  6  5  4
  3  3  3  3  3  4  4  4  4  4  4  5  6  6  5  4  3
  2  2  2  2  2  3  3  3  3  3  3  4  5  5  4  3  2
  1  1  1  1  1  2  2  2  2  2  2  3  4  4  3  2  1
  0  0  0  0  0  1  1  1  1  1  1  2  3  3  2  1  0
  1  1  0  1  1  1  0  0  0  0  0  1  2  3  3  2  1
  0  0  0  1  0  0  0  0 -2 -2  0  0  1  2  2  2  1
  0  0  0  0  0 -2 -2 -2 -2 -2  0  0  0  1  1  1  0
  0  0  0 -2 -2 -2 -2 -2 -2 -2 -2 -2  0  0  0  0  0
  0  0 -2 -2 -2 -2 -1 -1 -1 -1 -1 -2 -2 -2 -2 -2 -2
  0  0  0  0  0 -2 -1 -1 -1 -1 -1 -1 -2 -2 -2 -2  0
 -2 -2 -2 -2  0 -2 -2 -1 -1 -1 -1 -1 -1 -1 -2 -2 -2
 -2 -2 -2 -2 -2 -2 -2 -1 -1 -1 -1 -1 -1 -1 -1 -1 -2
.XX..............
.................
.................
.................
.................
.O...............
OOOOO...........O
..O...OOOOO......
OOO.OOOOXXOO.....
OOOOOXXXXXOOO...O
OOOXXXXXXXXXOOOOO
OOXXXX.....XXXXXX
OOOOOX......XXXXO
XXXXOXX......XXXX
XXXXXXX......XX.X
.**
***
Heatmap:
  6 -2 -2  6  6  7  7  7  7  7  7  8  9  9  8  7  6
  5  4  5  5  5  6  6  6  6  6  6  7  8  8  7  6  5
  4  3  4  4  4  5  5  5  5  5  5  6  7  7  6  5  4
  3  2  3  3  3  4  4  4  4  4  4  5  6  6  5  4  3
  2  1  2  2  2  3  3  3  3  3  3  4  5  5  4  3  2
  1  0  1  1  1  2  2  2  2  2  2  3  4  4  3  2  1
  0  0  0  0  0  1  1  1  1  1  1  2  3  3  2  1  0
  1  1  0  1  1  1  0  0  0  0  0  1  2  3  3  2  1
  0  0  0  1  0  0  0  0 -2 -2  0  0  1  2  2  2  1
  0  0  0  0  0 -2 -2 -2 -2 -2  0  0  0  1  1  1  0
  0  0  0 -2 -2 -2 -2 -2 -2 -2 -2 -2  0  0  0  0  0
  0  0 -2 -2 -2 -2 -1 -1 -1 -1 -1 -2 -2 -2 -2 -2 -2
  0  0  0  0  0 -2 -1 -1 -1 -1 -1 -1 -2 -2 -2 -2  0
 -2 -2 -2 -2  0 -2 -2 -1 -1 -1 -1 -1 -1 -2 -2 -2 -2
 -2 -2 -2 -2 -2 -2 -2 -1 -1 -1 -1 -1 -1 -2 -2 -1 -2
.XX..............
.................
.................
.................
..O..............
.OO..............
OOOOO...........O
..O...OOOOO......
OOO.OOOOXXOO.....
OOOOOXXXXXOOO...O
OOOXXXXXXXXXOOOOO
OOXXXX.....XXXXXX
OOOOOX......XXXXO
XXXXOXXX.....XXXX
XXXXXXXX.....XX.X
***
..*
Heatmap:
  6 -2 -2  5  6  7  7  7  7  7  7  8  9  9  8  7  6
  5  4  3  4  5  6  6  6  6  6  6  7  8  8  7  6  5
  4  3  2  3  4  5  5  5  5  5  5  6  7  7  6  5  4
  3  2  1  2  3  4  4  4  4  4  4  5  6  6  5  4  3
  2  1  0  1  2  3  3  3  3  3  3  4  5  5  4  3  2
  1  0  0  1  1  2  2  2  2  2  2  3  4  4  3  2  1
  0  0  0  0  0  1  1  1  1  1  1  2  3  3  2  1  0
  1  1  0  1  1  1  0  0  0  0  0  1  2  3  3  2  1
  0  0  0  1  0  0  0  0 -2 -2  0  0  1  2  2  2  1
  0  0  0  0  0 -2 -2 -2 -2 -2  0  0  0  1  1  1  0
  0  0  0 -2 -2 -2 -2 -2 -2 -2 -2 -2  0  0  0  0  0
  0  0 -2 -2 -2 -2 -1 -1 -1 -1 -1 -2 -2 -2 -2 -2 -2
  0  0  0  0  0 -2 -1 -1 -1 -1 -1 -1 -2 -2 -2 -2  0
 -2 -2 -2 -2  0 -2 -2 -2 -1 -1 -1 -1 -1 -2 -2 -2 -2
 -2 -2 -2 -2 -2 -2 -2 -2 -1 -1 -1 -1 -1 -2 -2 -1 -2
.XX..............
.................
.................
..O..............
..O..............
.OO..............
OOOOO...........O
..O...OOOOO......
OOO.OOOOXXOO.....
OOOOOXXXXXOOO...O
OOOXXXXXXXXXOOOOO
OOXXXX.....XXXXXX
OOOOOX......XXXXO
XXXXOXXXX....XXXX
XXXXXXXX.....XX.X
***
*.*
Heatmap:
  5 -2 -2  4  5  6  7  7  7  7  7  8  9  9  8  7  6
  4  3  2  3  4  5  6  6  6  6  6  7  8  8  7  6  5
  3  2  1  2  3  4  5  5  5  5  5  6  7  7  6  5  4
  2  1  0  1  2  3  4  4  4  4  4  5  6  6  5  4  3
  2  1  0  1  2  3  3  3  3  3  3  4  5  5  4  3  2
  1  0  0  1  1  2  2  2  2  2  2  3  4  4  3  2  1
  0  0  0  0  0  1  1  1  1  1  1  2  3  3  2  1  0
  1  1  0  1  1  1  0  0  0  0  0  1  2  3  3  2  1
  0  0  0  1  0  0  0  0 -2 -2  0  0  1  2  2  2  1
  0  0  0  0  0 -2 -2 -2 -2 -2  0  0  0  1  1  1  0
  0  0  0 -2 -2 -2 -2 -2 -2 -2 -2 -2  0  0  0  0  0
  0  0 -2 -2 -2 -2 -1 -1 -1 -1 -1 -2 -2 -2 -2 -2 -2
  0  0  0  0  0 -2 -1 -1 -1 -1 -1 -1 -2 -2 -2 -2  0
 -2 -2 -2 -2  0 -2 -2 -2 -2 -1 -1 -1 -1 -2 -2 -2 -2
 -2 -2 -2 -2 -2 -2 -2 -2 -1 -1 -1 -1 -1 -2 -2 -1 -2
.XX..............
.................
.OO..............
..O..............
..O..............
.OO..............
OOOOO...........O
..O...OOOOO......
OOO.OOOOXXOO.....
OOOOOXXXXXOOO...O
OOOXXXXXXXXXOOOOO
OOXXXX.....XXXXXX
OOOOOX......XXXXO
XXXXOXXXX....XXXX
XXXXXXXXX....XX.X
.**
Heatmap:
  3 -2 -2  3  4  5  6  7  7  7  7  8  9  9  8  7  6
  2  1  1  2  3  4  5  6  6  6  6  7  8  8  7  6  5
  1  0  0  1  2  3  4  5  5  5  5  6  7  7  6  5  4
  2  1  0  1  2  3  4  4  4  4  4  5  6  6  5  4  3
  2  1  0  1  2  3  3  3  3  3  3  4  5  5  4  3  2
  1  0  0  1  1  2  2  2  2  2  2  3  4  4  3  2  1
  0  0  0  0  0  1  1  1  1  1  1  2  3  3  2  1  0
  1  1  0  1  1  1  0  0  0  0  0  1  2  3  3  2  1
  0  0  0  1  0  0  0  0 -2 -2  0  0  1  2  2  2  1
  0  0  0  0  0 -2 -2 -2 -2 -2  0  0  0  1  1  1  0
  0  0  0 -2 -2 -2 -2 -2 -2 -2 -2 -2  0  0  0  0  0
  0  0 -2 -2 -2 -2 -1 -1 -1 -1 -1 -2 -2 -2 -2 -2 -2
  0  0  0  0  0 -2 -1 -1 -1 -1 -1 -1 -2 -2 -2 -2  0
 -2 -2 -2 -2  0 -2 -2 -2 -2 -1 -1 -1 -1 -2 -2 -2 -2
 -2 -2 -2 -2 -2 -2 -2 -2 -2 -1 -1 -1 -1 -2 -2 -1 -2
.XX..............
.O...............
.OO..............
..O..............
..O..............
.OO..............
OOOOO...........O
..O...OOOOO......
OOO.OOOOXXOO.....
OOOOOXXXXXOOO...O
OOOXXXXXXXXXOOOOO
OOXXXX.....XXXXXX
OOOOOX......XXXXO
XXXXOXXXX....XXXX
XXXXXXXXX....XXXX
.**
Heatmap:
  2 -2 -2  3  4  5  6  7  7  7  7  8  9  9  8  7  6
  1  0  1  2  3  4  5  6  6  6  6  7  8  8  7  6  5
  1  0  0  1  2  3  4  5  5  5  5  6  7  7  6  5  4
  2  1  0  1  2  3  4  4  4  4  4  5  6  6  5  4  3
  2  1  0  1  2  3  3  3  3  3  3  4  5  5  4  3  2
  1  0  0  1  1  2  2  2  2  2  2  3  4  4  3  2  1
  0  0  0  0  0  1  1  1  1  1  1  2  3  3  2  1  0
  1  1  0  1  1  1  0  0  0  0  0  1  2  3  3  2  1
  0  0  0  1  0  0  0  0 -2 -2  0  0  1  2  2  2  1
  0  0  0  0  0 -2 -2 -2 -2 -2  0  0  0  1  1  1  0
  0  0  0 -2 -2 -2 -2 -2 -2 -2 -2 -2  0  0  0  0  0
  0  0 -2 -2 -2 -2 -1 -1 -1 -1 -1 -2 -2 -2 -2 -2 -2
  0  0  0  0  0 -2 -1 -1 -1 -1 -1 -1 -2 -2 -2 -2  0
 -2 -2 -2 -2  0 -2 -2 -2 -2 -1 -1 -1 -1 -2 -2 -2 -2
 -2 -2 -2 -2 -2 -2 -2 -2 -2 -1 -1 -1 -1 -2 -2 -2 -2
.XX..............
.OO..............
.OO..............
..O..............
..O..............
.OO..............
OOOOO...........O
..O...OOOOO......
OOO.OOOOXXOO.....
OOOOOXXXXXOOO...O
OOOXXXXXXXXXOOOOO
OOXXXX.....XXXXXX
OOOOOX......XXXXO
XXXXOXXXX....XXXX
XXXXXXXXXX...XXXX
.**
..*
Heatmap:
  2 -2 -2  2  3  4  5  6  7  7  7  8  9  9  8  7  6
  1  0  0  1  2  3  4  5  6  6  6  7  8  8  7  6  5
  1  0  0  1  2  3  4  5  5  5  5  6  7  7  6  5  4
  2  1  0  1  2  3  4  4  4  4  4  5  6  6  5  4  3
  2  1  0  1  2  3  3  3  3  3  3  4  5  5  4  3  2
  1  0  0  1  1  2  2  2  2  2  2  3  4  4  3  2  1
  0  0  0  0  0  1  1  1  1  1  1  2  3  3  2  1  0
  1  1  0  1  1  1  0  0  0  0  0  1  2  3  3  2  1
  0  0  0  1  0  0  0  0 -2 -2  0  0  1  2  2  2  1
  0  0  0  0  0 -2 -2 -2 -2 -2  0  0  0  1  1  1  0
  0  0  0 -2 -2 -2 -2 -2 -2 -2 -2 -2  0  0  0  0  0
  0  0 -2 -2 -2 -2 -1 -1 -1 -1 -1 -2 -2 -2 -2 -2 -2
  0  0  0  0  0 -2 -1 -1 -1 -1 -1 -1 -2 -2 -2 -2  0
 -2 -2 -2 -2  0 -2 -2 -2 -2 -1 -1 -1 -1 -2 -2 -2 -2
 -2 -2 -2 -2 -2 -2 -2 -2 -2 -2 -1 -1 -1 -2 -2 -2 -2
.XX..............
OOO.............O
.OO..............
..O..............
..O..............
.OO..............
OOOOO...........O
..O...OOOOO......
OOO.OOOOXXOO.....
OOOOOXXXXXOOO...O
OOOXXXXXXXXXOOOOO
OOXXXXX....XXXXXX
OOOOOXX.....XXXXO
XXXXOXXXX....XXXX
XXXXXXXXXX...XXXX
.**
Heatmap:
  1 -2 -2  2  3  4  5  6  7  7  7  6  5  4  3  2  1
  0  0  0  1  2  3  4  5  6  6  6  5  4  3  2  1  0
  1  0  0  1  2  3  4  5  5  5  5  6  5  4  3  2  1
  2  1  0  1  2  3  4  4  4  4  4  5  6  5  4  3  2
  2  1  0  1  2  3  3  3  3  3  3  4  5  5  4  3  2
  1  0  0  1  1  2  2  2  2  2  2  3  4  4  3  2  1
  0  0  0  0  0  1  1  1  1  1  1  2  3  3  2  1  0
  1  1  0  1  1  1  0  0  0  0  0  1  2  3  3  2  1
  0  0  0  1  0  0  0  0 -2 -2  0  0  1  2  2  2  1
  0  0  0  0  0 -2 -2 -2 -2 -2  0  0  0  1  1  1  0
  0  0  0 -2 -2 -2 -2 -2 -2 -2 -2 -2  0  0  0  0  0
  0  0 -2 -2 -2 -2 -2 -1 -1 -1 -1 -2 -2 -2 -2 -2 -2
  0  0  0  0  0 -2 -2 -1 -1 -1 -1 -1 -2 -2 -2 -2  0
 -2 -2 -2 -2  0 -2 -2 -2 -2 -1 -1 -1 -1 -2 -2 -2 -2
 -2 -2 -2 -2 -2 -2 -2 -2 -2 -2 -1 -1 -1 -2 -2 -2 -2
.XX..............
OOO............OO
.OO..............
..O..............
..O..............
.OO..............
OOOOO...........O
..O...OOOOO......
OOO.OOOOXXOO.....
OOOOOXXXXXOOO...O
OOOXXXXXXXXXOOOOO
OOXXXXX....XXXXXX
OOOOOXX.....XXXXO
XXXXOXXXX....XXXX
XXXXXXXXXXX..XXXX
***
Heatmap:
  1 -2 -2  2  3  4  5  6  7  7  6  5  4  3  2  1  1
  0  0  0  1  2  3  4  5  6  6  5  4  3  2  1  0  0
  1  0  0  1  2  3  4  5  5  5  5  5  4  3  2  1  1
  2  1  0  1  2  3  4  4  4  4  4  5  5  4  3  2  2
  2  1  0  1  2  3  3  3  3  3  3  4  5  5  4  3  2
  1  0  0  1  1  2  2  2  2  2  2  3  4  4  3  2  1
  0  0  0  0  0  1  1  1  1  1  1  2  3  3  2  1  0
  1  1  0  1  1  1  0  0  0  0  0  1  2  3  3  2  1
  0  0  0  1  0  0  0  0 -2 -2  0  0  1  2  2  2  1
  0  0  0  0  0 -2 -2 -2 -2 -2  0  0  0  1  1  1  0
  0  0  0 -2 -2 -2 -2 -2 -2 -2 -2 -2  0  0  0  0  0
  0  0 -2 -2 -2 -2 -2 -1 -1 -1 -1 -2 -2 -2 -2 -2 -2
  0  0  0  0  0 -2 -2 -1 -1 -1 -1 -1 -2 -2 -2 -2  0
 -2 -2 -2 -2  0 -2 -2 -2 -2 -1 -1 -1 -1 -2 -2 -2 -2
 -2 -2 -2 -2 -2 -2 -2 -2 -2 -2 -2 -1 -1 -2 -2 -2 -2
.XX.............O
OOO............OO
.OO..............
..O..............
..O..............
.OO..............
OOOOO...........O
..O...OOOOO......
OOO.OOOOXXOO.....
OOOOOXXXXXOOO...O
OOOXXXXXXXXXOOOOO
OOXXXXX....XXXXXX
OOOOOXX.....XXXXO
XXXXOXXXX....XXXX
XXXXXXXXXXXX.XXXX
*..
**.
Heatmap:
  1 -2 -2  2  3  4  5  6  7  7  6  5  4  3  2  1  0
  0  0  0  1  2  3  4  5  6  6  5  4  3  2  1  0  0
  1  0  0  1  2  3  4  5  5  5  5  5  4  3  2  1  1
  2  1  0  1  2  3  4  4  4  4  4  5  5  4  3  2  2
  2  1  0  1  2  3  3  3  3  3  3  4  5  5  4  3  2
  1  0  0  1  1  2  2  2  2  2  2  3  4  4  3  2  1
  0  0  0  0  0  1  1  1  1  1  1  2  3  3  2  1  0
  1  1  0  1  1  1  0  0  0  0  0  1  2  3  3  2  1
  0  0  0  1  0  0  0  0 -2 -2  0  0  1  2  2  2  1
  0  0  0  0  0 -2 -2 -2 -2 -2  0  0  0  1  1  1  0
  0  0  0 -2 -2 -2 -2 -2 -2 -2 -2 -2  0  0  0  0  0
  0  0 -2 -2 -2 -2 -2 -1 -1 -1 -1 -2 -2 -2 -2 -2 -2
  0  0  0  0  0 -2 -2 -1 -1 -1 -1 -1 -2 -2 -2 -2  0
 -2 -2 -2 -2  0 -2 -2 -2 -2 -1 -1 -1 -1 -2 -2 -2 -2
 -2 -2 -2 -2 -2 -2 -2 -2 -2 -2 -2 -2 -1 -2 -2 -2 -2
OXX.............O
OOO............OO
.OO..............
..O..............
..O..............
.OO..............
OOOOO...........O
..O...OOOOO......
OOO.OOOOXXOO.....
OOOOOXXXXXOOO...O
OOOXXXXXXXXXOOOOO
OOXXXXX....XXXXXX
OOOOOXX.....XXXXO
XXXXOXXXX..X.XXXX
XXXXXXXXXXXXXXXXX
*..
**.
Heatmap:
  0 -2 -2  2  3  4  5  6  7  7  6  5  4  3  2  1  0
  0  0  0  1  2  3  4  5  6  6  5  4  3  2  1  0  0
  1  0  0  1  2  3  4  5  5  5  5  5  4  3  2  1  1
  2  1  0  1  2  3  4  4  4  4  4  5  5  4  3  2  2
  2  1  0  1  2  3  3  3  3  3  3  4  5  5  4  3  2
  1  0  0  1  1  2  2  2  2  2  2  3  4  4  3  2  1
  0  0  0  0  0  1  1  1  1  1  1  2  3  3  2  1  0
  1  1  0  1  1  1  0  0  0  0  0  1  2  3  3  2  1
  0  0  0  1  0  0  0  0 -2 -2  0  0  1  2  2  2  1
  0  0  0  0  0 -2 -2 -2 -2 -2  0  0  0  1  1  1  0
  0  0  0 -2 -2 -2 -2 -2 -2 -2 -2 -2  0  0  0  0  0
  0  0 -2 -2 -2 -2 -2 -1 -1 -1 -1 -2 -2 -2 -2 -2 -2
  0  0  0  0  0 -2 -2 -1 -1 -1 -1 -1 -2 -2 -2 -2  0
 -2 -2 -2 -2  0 -2 -2 -2 -2 -1 -1 -2 -1 -2 -2 -2 -2
 -2 -2 -2 -2 -2 -2 -2 -2 -2 -2 -2 -2 -2 -2 -2 -2 -2
OXX............OO
OOO............OO
.OO..............
..O..............
..O..............
.OO..............
OOOOO...........O
..O...OOOOO......
OOO.OOOOXXOO.....
OOOOOXXXXXOOO...O
OOOXXXXXXXXXOOOOO
OOXXXXX....XXXXXX
OOOOOXX.....XXXXO
XXXXOXXXXX.X.XXXX
XXXXXXXXXXXXXXXXX
.*.
.*.
Heatmap:
  0 -2 -2  2  3  4  5  6  7  6  5  4  3  2  1  0  0
  0  0  0  1  2  3  4  5  6  6  5  4  3  2  1  0  0
  1  0  0  1  2  3  4  5  5  5  5  5  4  3  2  1  1
  2  1  0  1  2  3  4  4  4  4  4  5  5  4  3  2  2
  2  1  0  1  2  3  3  3  3  3  3  4  5  5  4  3  2
  1  0  0  1  1  2  2  2  2  2  2  3  4  4  3  2  1
  0  0  0  0  0  1  1  1  1  1  1  2  3  3  2  1  0
  1  1  0  1  1  1  0  0  0  0  0  1  2  3  3  2  1
  0  0  0  1  0  0  0  0 -2 -2  0  0  1  2  2  2  1
  0  0  0  0  0 -2 -2 -2 -2 -2  0  0  0  1  1  1  0
  0  0  0 -2 -2 -2 -2 -2 -2 -2 -2 -2  0  0  0  0  0
  0  0 -2 -2 -2 -2 -2 -1 -1 -1 -1 -2 -2 -2 -2 -2 -2
  0  0  0  0  0 -2 -2 -1 -1 -1 -1 -1 -2 -2 -2 -2  0
 -2 -2 -2 -2  0 -2 -2 -2 -2 -2 -1 -2 -1 -2 -2 -2 -2
 -2 -2 -2 -2 -2 -2 -2 -2 -2 -2 -2 -2 -2 -2 -2 -2 -2
OXX...........OOO
OOO............OO
.OO..............
..O..............
..O..............
.OO..............
OOOOO...........O
..O...OOOOO......
OOO.OOOOXXOO.....
OOOOOXXXXXOOO...O
OOOXXXXXXXXXOOOOO
OOXXXXX....XXXXXX
OOOOOXX.....XXXXO
XXXXOXXXXXXX.XXXX
XXXXXXXXXXXXXXXXX
..*
.**
Heatmap:
  0 -2 -2  2  3  4  5  6  6  5  4  3  2  1  0  0  0
  0  0  0  1  2  3  4  5  6  6  5  4  3  2  1  0  0
  1  0  0  1  2  3  4  5  5  5  5  5  4  3  2  1  1
  2  1  0  1  2  3  4  4  4  4  4  5  5  4  3  2  2
  2  1  0  1  2  3  3  3  3  3  3  4  5  5  4  3  2
  1  0  0  1  1  2  2  2  2  2  2  3  4  4  3  2  1
  0  0  0  0  0  1  1  1  1  1  1  2  3  3  2  1  0
  1  1  0  1  1  1  0  0  0  0  0  1  2  3  3  2  1
  0  0  0  1  0  0  0  0 -2 -2  0  0  1  2  2  2  1
  0  0  0  0  0 -2 -2 -2 -2 -2  0  0  0  1  1  1  0
  0  0  0 -2 -2 -2 -2 -2 -2 -2 -2 -2  0  0  0  0  0
  0  0 -2 -2 -2 -2 -2 -1 -1 -1 -1 -2 -2 -2 -2 -2 -2
  0  0  0  0  0 -2 -2 -1 -1 -1 -1 -1 -2 -2 -2 -2  0
 -2 -2 -2 -2  0 -2 -2 -2 -2 -2 -2 -2 -1 -2 -2 -2 -2
 -2 -2 -2 -2 -2 -2 -2 -2 -2 -2 -2 -2 -2 -2 -2 -2 -2
OXX..........OOOO
OOO............OO
.OO..............
..O..............
..O..............
.OO..............
OOOOO...........O
..O...OOOOO......
OOO.OOOOXXOO.....
OOOOOXXXXXOOO...O
OOOXXXXXXXXXOOOOO
OOXXXXXXX..XXXXXX
OOOOOXX.....XXXXO
XXXXOXXXXXXX.XXXX
XXXXXXXXXXXXXXXXX
...
***
Heatmap:
  0 -2 -2  2  3  4  5  6  5  4  3  2  1  0  0  0  0
  0  0  0  1  2  3  4  5  6  5  4  3  2  1  1  0  0
  1  0  0  1  2  3  4  5  5  5  5  4  3  2  2  1  1
  2  1  0  1  2  3  4  4  4  4  4  5  4  3  3  2  2
  2  1  0  1  2  3  3  3  3  3  3  4  5  4  4  3  2
  1  0  0  1  1  2  2  2  2  2  2  3  4  4  3  2  1
  0  0  0  0  0  1  1  1  1  1  1  2  3  3  2  1  0
  1  1  0  1  1  1  0  0  0  0  0  1  2  3  3  2  1
  0  0  0  1  0  0  0  0 -2 -2  0  0  1  2  2  2  1
  0  0  0  0  0 -2 -2 -2 -2 -2  0  0  0  1  1  1  0
  0  0  0 -2 -2 -2 -2 -2 -2 -2 -2 -2  0  0  0  0  0
  0  0 -2 -2 -2 -2 -2 -2 -2 -1 -1 -2 -2 -2 -2 -2 -2
  0  0  0  0  0 -2 -2 -1 -1 -1 -1 -1 -2 -2 -2 -2  0
 -2 -2 -2 -2  0 -2 -2 -2 -2 -2 -2 -2 -1 -2 -2 -2 -2
 -2 -2 -2 -2 -2 -2 -2 -2 -2 -2 -2 -2 -2 -2 -2 -2 -2
OXX..........OOOO
OOO..........O.OO
.OO..............
..O..............
..O..............
.OO..............
OOOOO...........O
..O...OOOOO......
OOO.OOOOXXOO.....
OOOOOXXXXXOOO...O
OOOXXXXXXXXXOOOOO
OOXXXXXXXXXXXXXXX
OOOOOXX.....XXXXO
XXXXOXXXXXXX.XXXX
XXXXXXXXXXXXXXXXX
...
.**
Heatmap:
  0 -2 -2  2  3  4  5  6  5  4  3  2  1  0  0  0  0
  0  0  0  1  2  3  4  5  5  4  3  2  1  0  1  0  0
  1  0  0  1  2  3  4  5  5  5  4  3  2  1  2  1  1
  2  1  0  1  2  3  4  4  4  4  4  4  3  2  3  2  2
  2  1  0  1  2  3  3  3  3  3  3  4  4  3  4  3  2
  1  0  0  1  1  2  2  2  2  2  2  3  4  4  3  2  1
  0  0  0  0  0  1  1  1  1  1  1  2  3  3  2  1  0
  1  1  0  1  1  1  0  0  0  0  0  1  2  3  3  2  1
  0  0  0  1  0  0  0  0 -2 -2  0  0  1  2  2  2  1
  0  0  0  0  0 -2 -2 -2 -2 -2  0  0  0  1  1  1  0
  0  0  0 -2 -2 -2 -2 -2 -2 -2 -2 -2  0  0  0  0  0
  0  0 -2 -2 -2 -2 -2 -2 -2 -2 -2 -2 -2 -2 -2 -2 -2
  0  0  0  0  0 -2 -2 -1 -1 -1 -1 -1 -2 -2 -2 -2  0
 -2 -2 -2 -2  0 -2 -2 -2 -2 -2 -2 -2 -1 -2 -2 -2 -2
 -2 -2 -2 -2 -2 -2 -2 -2 -2 -2 -2 -2 -2 -2 -2 -2 -2
OXXOO........OOOO
OOOOO........O.OO
.OO..............
..O..............
..O..............
.OO..............
OOOOO...........O
..O...OOOOO......
OOO.OOOOXXOO.....
OOOOOXXXXXOOO...O
OOOXXXXXXXXXOOOOO
OOXXXXXXXXXXXXXXX
OOOOOXXX....XXXXO
XXXXOXXXXXXX.XXXX
XXXXXXXXXXXXXXXXX
*..
***
Heatmap:
  0 -2 -2  0  0  1  2  3  4  4  3  2  1  0  0  0  0
  0  0  0  0  0  1  2  3  4  4  3  2  1  0  1  0  0
  1  0  0  1  1  2  3  4  5  5  4  3  2  1  2  1  1
  2  1  0  1  2  3  4  4  4  4  4  4  3  2  3  2  2
  2  1  0  1  2  3  3  3  3  3  3  4  4  3  4  3  2
  1  0  0  1  1  2  2  2  2  2  2  3  4  4  3  2  1
  0  0  0  0  0  1  1  1  1  1  1  2  3  3  2  1  0
  1  1  0  1  1  1  0  0  0  0  0  1  2  3  3  2  1
  0  0  0  1  0  0  0  0 -2 -2  0  0  1  2  2  2  1
  0  0  0  0  0 -2 -2 -2 -2 -2  0  0  0  1  1  1  0
  0  0  0 -2 -2 -2 -2 -2 -2 -2 -2 -2  0  0  0  0  0
  0  0 -2 -2 -2 -2 -2 -2 -2 -2 -2 -2 -2 -2 -2 -2 -2
  0  0  0  0  0 -2 -2 -2 -1 -1 -1 -1 -2 -2 -2 -2  0
 -2 -2 -2 -2  0 -2 -2 -2 -2 -2 -2 -2 -1 -2 -2 -2 -2
 -2 -2 -2 -2 -2 -2 -2 -2 -2 -2 -2 -2 -2 -2 -2 -2 -2
OXXOO........OOOO
OOOOO........O.OO
.OO.O............
..O..............
..O..............
.OO..............
OOOOO...........O
..O...OOOOO......
OOO.OOOOXXOO.....
OOOOOXXXXXOOO...O
OOOXXXXXXXXXOOOOO
OOXXXXXXXXXXXXXXX
OOOOOXXX....XXXXO
XXXXOXXXXXXXXXXXX
XXXXXXXXXXXXXXXXX
**.
Heatmap:
  0 -2 -2  0  0  1  2  3  4  4  3  2  1  0  0  0  0
  0  0  0  0  0  1  2  3  4  4  3  2  1  0  1  0  0
  1  0  0  1  0  1  2  3  4  5  4  3  2  1  2  1  1
  2  1  0  1  1  2  3  4  4  4  4  4  3  2  3  2  2
  2  1  0  1  2  3  3  3  3  3  3  4  4  3  4  3  2
  1  0  0  1  1  2  2  2  2  2  2  3  4  4  3  2  1
  0  0  0  0  0  1  1  1  1  1  1  2  3  3  2  1  0
  1  1  0  1  1  1  0  0  0  0  0  1  2  3  3  2  1
  0  0  0  1  0  0  0  0 -2 -2  0  0  1  2  2  2  1
  0  0  0  0  0 -2 -2 -2 -2 -2  0  0  0  1  1  1  0
  0  0  0 -2 -2 -2 -2 -2 -2 -2 -2 -2  0  0  0  0  0
  0  0 -2 -2 -2 -2 -2 -2 -2 -2 -2 -2 -2 -2 -2 -2 -2
  0  0  0  0  0 -2 -2 -2 -1 -1 -1 -1 -2 -2 -2 -2  0
 -2 -2 -2 -2  0 -2 -2 -2 -2 -2 -2 -2 -2 -2 -2 -2 -2
 -2 -2 -2 -2 -2 -2 -2 -2 -2 -2 -2 -2 -2 -2 -2 -2 -2
OXXOOOO......OOOO
OOOOOO.......O.OO
.OO.OO...........
..O..............
..O..............
.OO..............
OOOOO...........O
..O...OOOOO......
OOO.OOOOXXOO.....
OOOOOXXXXXOOO...O
OOOXXXXXXXXXOOOOO
OOXXXXXXXXXXXXXXX
OOOOOXXXX...XXXXO
XXXXOXXXXXXXXXXXX
XXXXXXXXXXXXXXXXX
**.
***
Heatmap:
  0 -2 -2  0  0  0  0  1  2  3  3  2  1  0  0  0  0
  0  0  0  0  0  0  1  2  3  4  3  2  1  0  1  0  0
  1  0  0  1  0  0  1  2  3  4  4  3  2  1  2  1  1
  2  1  0  1  1  1  2  3  4  4  4  4  3  2  3  2  2
  2  1  0  1  2  2  3  3  3  3  3  4  4  3  4  3  2
  1  0  0  1  1  2  2  2  2  2  2  3  4  4  3  2  1
  0  0  0  0  0  1  1  1  1  1  1  2  3  3  2  1  0
  1  1  0  1  1  1  0  0  0  0  0  1  2  3  3  2  1
  0  0  0  1  0  0  0  0 -2 -2  0  0  1  2  2  2  1
  0  0  0  0  0 -2 -2 -2 -2 -2  0  0  0  1  1  1  0
  0  0  0 -2 -2 -2 -2 -2 -2 -2 -2 -2  0  0  0  0  0
  0  0 -2 -2 -2 -2 -2 -2 -2 -2 -2 -2 -2 -2 -2 -2 -2
  0  0  0  0  0 -2 -2 -2 -2 -1 -1 -1 -2 -2 -2 -2  0
 -2 -2 -2 -2  0 -2 -2 -2 -2 -2 -2 -2 -2 -2 -2 -2 -2
 -2 -2 -2 -2 -2 -2 -2 -2 -2 -2 -2 -2 -2 -2 -2 -2 -2
OXXOOOO......OOOO
OOOOOO.......O.OO
.OO.OO......OO...
..O.........OO...
..O..............
.OO..............
OOOOO...........O
..O...OOOOO......
OOO.OOOOXXOO.....
OOOOOXXXXXOOO...O
OOOXXXXXXXXXOOOOO
OOXXXXXXXXXXXXXXX
OOOOOXXXXX..XXXXO
XXXXOXXXXXXXXXXXX
XXXXXXXXXXXXXXXXX
*..
*.*
Heatmap:
  0 -2 -2  0  0  0  0  1  2  3  3  2  1  0  0  0  0
  0  0  0  0  0  0  1  2  3  4  3  2  1  0  1  0  0
  1  0  0  1  0  0  1  2  3  3  2  1  0  0  1  1  1
  2  1  0  1  1  1  2  3  4  3  2  1  0  0  1  2  2
  2  1  0  1  2  2  3  3  3  3  3  2  1  1  2  3  2
  1  0  0  1  1  2  2  2  2  2  2  3  2  2  3  2  1
  0  0  0  0  0  1  1  1  1  1  1  2  3  3  2  1  0
  1  1  0  1  1  1  0  0  0  0  0  1  2  3  3  2  1
  0  0  0  1  0  0  0  0 -2 -2  0  0  1  2  2  2  1
  0  0  0  0  0 -2 -2 -2 -2 -2  0  0  0  1  1  1  0
  0  0  0 -2 -2 -2 -2 -2 -2 -2 -2 -2  0  0  0  0  0
  0  0 -2 -2 -2 -2 -2 -2 -2 -2 -2 -2 -2 -2 -2 -2 -2
  0  0  0  0  0 -2 -2 -2 -2 -2 -1 -1 -2 -2 -2 -2  0
 -2 -2 -2 -2  0 -2 -2 -2 -2 -2 -2 -2 -2 -2 -2 -2 -2
 -2 -2 -2 -2 -2 -2 -2 -2 -2 -2 -2 -2 -2 -2 -2 -2 -2
OXXOOOO......OOOO
OOOOOO......OO.OO
.OO.OO......OO...
..O.........OO...
..O..............
.OO..............
OOOOO...........O
..O...OOOOO......
OOO.OOOOXXOO.....
OOOOOXXXXXOOO...O
OOOXXXXXXXXXOOOOO
OOXXXXXXXXXXXXXXX
OOOOOXXXXXX.XXXXO
XXXXOXXXXXXXXXXXX
XXXXXXXXXXXXXXXXX
*..
*.*
Heatmap:
  0 -2 -2  0  0  0  0  1  2  3  3  2  1  0  0  0  0
  0  0  0  0  0  0  1  2  3  3  2  1  0  0  1  0  0
  1  0  0  1  0  0  1  2  3  3  2  1  0  0  1  1  1
  2  1  0  1  1  1  2  3  4  3  2  1  0  0  1  2  2
  2  1  0  1  2  2  3  3  3  3  3  2  1  1  2  3  2
  1  0  0  1  1  2  2  2  2  2  2  3  2  2  3  2  1
  0  0  0  0  0  1  1  1  1  1  1  2  3  3  2  1  0
  1  1  0  1  1  1  0  0  0  0  0  1  2  3  3  2  1
  0  0  0  1  0  0  0  0 -2 -2  0  0  1  2  2  2  1
  0  0  0  0  0 -2 -2 -2 -2 -2  0  0  0  1  1  1  0
  0  0  0 -2 -2 -2 -2 -2 -2 -2 -2 -2  0  0  0  0  0
  0  0 -2 -2 -2 -2 -2 -2 -2 -2 -2 -2 -2 -2 -2 -2 -2
  0  0  0  0  0 -2 -2 -2 -2 -2 -2 -1 -2 -2 -2 -2  0
 -2 -2 -2 -2  0 -2 -2 -2 -2 -2 -2 -2 -2 -2 -2 -2 -2
 -2 -2 -2 -2 -2 -2 -2 -2 -2 -2 -2 -2 -2 -2 -2 -2 -2
OXXOOOO.....OOOOO
OOOOOO......OO.OO
.OO.OO......OO...
..O.........OO...
..O..............
.OO..............
OOOOO...........O
..O...OOOOO......
OOO.OOOOXXOO.....
OOOOOXXXXXOOO...O
OOOXXXXXXXXXOOOOO
OOXXXXXXXXXXXXXXX
OOOOOXXXXXXXXXXXO
XXXXOXXXXXXXXXXXX
XXXXXXXXXXXXXXXXX
.**
Heatmap:
  0 -2 -2  0  0  0  0  1  2  3  2  1  0  0  0  0  0
  0  0  0  0  0  0  1  2  3  3  2  1  0  0  1  0  0
  1  0  0  1  0  0  1  2  3  3  2  1  0  0  1  1  1
  2  1  0  1  1  1  2  3  4  3  2  1  0  0  1  2  2
  2  1  0  1  2  2  3  3  3  3  3  2  1  1  2  3  2
  1  0  0  1  1  2  2  2  2  2  2  3  2  2  3  2  1
  0  0  0  0  0  1  1  1  1  1  1  2  3  3  2  1  0
  1  1  0  1  1  1  0  0  0  0  0  1  2  3  3  2  1
  0  0  0  1  0  0  0  0 -2 -2  0  0  1  2  2  2  1
  0  0  0  0  0 -2 -2 -2 -2 -2  0  0  0  1  1  1  0
  0  0  0 -2 -2 -2 -2 -2 -2 -2 -2 -2  0  0  0  0  0
  0  0 -2 -2 -2 -2 -2 -2 -2 -2 -2 -2 -2 -2 -2 -2 -2
  0  0  0  0  0 -2 -2 -2 -2 -2 -2 -2 -2 -2 -2 -2  0
 -2 -2 -2 -2  0 -2 -2 -2 -2 -2 -2 -2 -2 -2 -2 -2 -2
 -2 -2 -2 -2 -2 -2 -2 -2 -2 -2 -2 -2 -2 -2 -2 -2 -2
